[mysql:8.0]
mecab-0:0.996-1.module+el8+66+935147d6.9.x86_64
mecab-debuginfo-0:0.996-1.module+el8+66+935147d6.9.x86_64
mecab-debugsource-0:0.996-1.module+el8+66+935147d6.9.x86_64
mecab-ipadic-0:2.7.0.20070801-16.module+el8+66+935147d6.x86_64
mecab-ipadic-EUCJP-0:2.7.0.20070801-16.module+el8+66+935147d6.x86_64
mysql-0:8.0.21-1.module+el8+66+935147d6.x86_64
mysql-common-0:8.0.21-1.module+el8+66+935147d6.x86_64
mysql-debuginfo-0:8.0.21-1.module+el8+66+935147d6.x86_64
mysql-debugsource-0:8.0.21-1.module+el8+66+935147d6.x86_64
mysql-devel-0:8.0.21-1.module+el8+66+935147d6.x86_64
mysql-devel-debuginfo-0:8.0.21-1.module+el8+66+935147d6.x86_64
mysql-errmsg-0:8.0.21-1.module+el8+66+935147d6.x86_64
mysql-libs-0:8.0.21-1.module+el8+66+935147d6.x86_64
mysql-libs-debuginfo-0:8.0.21-1.module+el8+66+935147d6.x86_64
mysql-server-0:8.0.21-1.module+el8+66+935147d6.x86_64
mysql-server-debuginfo-0:8.0.21-1.module+el8+66+935147d6.x86_64
mysql-test-0:8.0.21-1.module+el8+66+935147d6.x86_64
mysql-test-debuginfo-0:8.0.21-1.module+el8+66+935147d6.x86_64
